a=[1 2 3];
b=[1 2 3];
c=[10 10 10];
x=c-b.*a;